
West State Street Conditions During the Last 3 Days

      Date & Time    Temp  Dew Pt Surface    Wind    Heat     Rel Pressure   Total    Snow    Wind    Wind     Net     Net     Net 6" Soil 6" Soil
                      Avg    Temp    Temp   Chill   Index     Hum      Avg  Precip   Depth   Speed     Dir  SW Avg  LW Avg Rad Avg    Temp     VWC
                      (F)     (F)     (F)     (F)     (F)       %     (mb)    (in)    (in)   (mph)   (deg) (W/m^2) (W/m^2) (W/m^2)     (C)     (%)
--------------------------------------------------------------------------------------------------------------------------------------------------
   08/14/23 14:00   73.94   69.26   73.34   73.94   73.94    86.3   1014.4     .02      66       0     205   59.78   -8.14   51.63   "NAN"   "NAN"
   08/14/23 15:00    74.2   69.61   73.69    74.2    74.2    85.2   1013.6       0      66       0   198.5   78.77   -9.11   69.66   "NAN"   "NAN"
   08/14/23 16:00    75.6   70.14   75.41    75.6    75.6   77.27   1012.9       0      66       0   231.9     202  -25.47   176.5   "NAN"   "NAN"
   08/14/23 17:00   77.51   70.03   77.62   77.51   77.51   74.18   1012.5     .03      66    .044   220.5   178.6  -25.27   153.4   "NAN"   "NAN"
   08/14/23 18:00   77.83   69.27   79.45   77.83   77.83   76.57   1011.9       0      66       0   222.4   110.6  -22.93    87.7   "NAN"   "NAN"
   08/14/23 19:00   77.77   69.22   79.46   77.77   77.77    75.7   1011.5       0      66       0   228.4      83  -30.21   52.74   "NAN"   "NAN"
   08/14/23 20:00   77.65      69   78.88   77.65   77.65   75.77   1011.2       0      66       0     220   41.77  -39.69   2.077   "NAN"   "NAN"
   08/14/23 21:00   75.28   68.79   75.55   75.28   75.28    84.7   1011.6       0      66       0   22.38    .483  -27.79   -27.3   "NAN"   "NAN"
   08/14/23 22:00   72.88   68.64   72.71   72.88   72.88    87.6   1012.1       0      66       0    .094   -.968  -20.01  -20.98   "NAN"   "NAN"
   08/14/23 23:00   72.15   68.48   71.86   72.15   72.15    88.6   1012.3       0      66       0   10.26   -.813  -15.46  -16.27   "NAN"   "NAN"
    08/15/23 0:00   71.69   68.26   71.34   71.69   71.69    89.1     1012       0      66       0    9.11   -.667   -9.94  -10.61   "NAN"   "NAN"
    08/15/23 1:00   71.69   68.39   71.35   71.69   71.69    89.5   1011.4       0      66       0   239.3   -.629   -8.68   -9.31   "NAN"   "NAN"
    08/15/23 2:00   72.72   69.17   72.19   72.72   72.72      88   1010.7     .01      66       0   210.9    -1.6  -12.14  -13.74   "NAN"   "NAN"
    08/15/23 3:00   72.57   68.78   71.91   72.57   72.57    87.7   1010.3       0      66       0   199.6  -1.576  -19.47  -21.04   "NAN"   "NAN"
    08/15/23 4:00    72.7   68.73   72.29    72.7    72.7    86.1   1010.3       0      66       0   255.3   -.576  -10.33   -10.9   "NAN"   "NAN"
    08/15/23 5:00    71.9   66.67   71.63    71.9    71.9    83.9   1011.1       0      66       0   274.2  -1.321  -39.88   -41.2   "NAN"   "NAN"
    08/15/23 6:00   69.88   65.17   69.12   69.88   69.88      86   1011.4       0      66       0   221.2  -2.447  -47.91  -50.36   "NAN"   "NAN"
    08/15/23 7:00   69.09   65.01   68.14   69.09   69.09    86.8   1012.1       0      66       0   211.7    -.45  -32.52  -32.97   "NAN"   "NAN"
    08/15/23 8:00   69.22   64.78   68.98   69.22   69.22    85.2   1012.5       0      66       0   235.5   34.06  -62.48  -28.43   "NAN"   "NAN"
    08/15/23 9:00   70.17   64.12    71.1   70.17   70.17   77.56   1012.7       0      66       0   224.8      99  -47.78   51.25   "NAN"   "NAN"
   08/15/23 10:00   72.01   62.41   74.56   72.01   72.01   66.23   1013.1       0      66    .789   208.8   251.6  -58.06   193.5   "NAN"   "NAN"
   08/15/23 11:00   73.03   60.72   77.08   73.03   73.03   63.39     1013       0      66    .044   245.9   245.6   -51.5   194.1   "NAN"   "NAN"
   08/15/23 12:00   74.82   60.06   79.17   74.82   74.82   58.56   1013.1       0      66    .175   224.5   336.9  -51.12   285.8   "NAN"   "NAN"
   08/15/23 13:00   75.97   59.36    81.6   75.97   75.97   55.44   1013.1       0      66    .044   258.6     385  -66.42   318.6   "NAN"   "NAN"
   08/15/23 14:00   75.45    58.6   78.88   75.45   75.45      55   1013.2       0      66    .745   259.4   252.5  -53.53     199   "NAN"   "NAN"
   08/15/23 15:00   74.59   58.72   77.08   74.59   74.59   58.97   1013.5       0      66    .044   225.8   118.6  -30.73    87.9   "NAN"   "NAN"
   08/15/23 16:00   75.14    58.2   77.72   75.14   75.14   56.24   1013.3       0      66       0   245.7   244.2  -43.18     201   "NAN"   "NAN"
   08/15/23 17:00   74.63   58.78   76.79   74.63   74.63   58.55   1013.1       0      66       0     231   121.4  -28.59    92.8   "NAN"   "NAN"
   08/15/23 18:00   73.52   58.22   75.13   73.52   73.52   59.82   1013.1       0      66       0   222.8   59.87  -23.03   36.83   "NAN"   "NAN"
   08/15/23 19:00   72.25   58.25   73.38   72.25   72.25   63.51   1013.3       0      66       0   218.1   68.33  -26.37   41.95   "NAN"   "NAN"
   08/15/23 20:00   71.38   59.09   72.33   71.38   71.38   66.42   1013.5       0      66    .351   236.8   31.46  -27.81   3.645   "NAN"   "NAN"
   08/15/23 21:00    68.7   60.13   68.57    68.7    68.7    82.3   1014.2     .01      66       0   12.72  -1.357  -11.95  -13.31   "NAN"   "NAN"
   08/15/23 22:00   66.56   61.81   65.62   66.56   66.56      86   1015.1     .02      66       0   228.6  -1.199    -8.6    -9.8   "NAN"   "NAN"
   08/15/23 23:00      66    61.9   65.21      66      66    86.7   1015.6       0      66       0   187.8  -1.779  -12.95  -14.73   "NAN"   "NAN"
    08/16/23 0:00    65.1   61.23   64.05    65.1    65.1    87.9   1016.1       0      66       0   232.6  -2.165  -25.19  -27.36   "NAN"   "NAN"
    08/16/23 1:00   63.98    60.5   62.94   63.98   63.98    88.4   1016.1       0      66       0   315.6  -1.923  -22.57  -24.49   "NAN"   "NAN"
    08/16/23 2:00   63.89   60.59   63.18   63.89   63.89    89.1     1016       0      66       0     214   -.991  -11.08  -12.07   "NAN"   "NAN"
    08/16/23 3:00   64.45   61.16   63.91   64.45   64.45    88.9   1015.8       0      66       0   4.806  -1.192    -8.8   -9.99   "NAN"   "NAN"
    08/16/23 4:00   64.76   61.36   64.32   64.76   64.76    88.5   1015.9       0      66       0   289.8  -1.305  -5.944  -7.249   "NAN"   "NAN"
    08/16/23 5:00   64.87   61.37   64.44   64.87   64.87    88.3     1016       0      66       0   330.6  -1.223   -9.99  -11.21   "NAN"   "NAN"
    08/16/23 6:00   64.88   61.37   64.38   64.88   64.88    88.3   1016.4       0      66       0   248.5  -1.185   -14.3  -15.48   "NAN"   "NAN"
    08/16/23 7:00    64.8   61.38   64.37    64.8    64.8    88.8   1017.1       0      66       0     334   -.106  -14.84  -14.95   "NAN"   "NAN"
    08/16/23 8:00   65.15   61.71    65.2   65.15   65.15    88.3   1017.9       0      66       0   266.2   26.51   -20.6   5.912   "NAN"   "NAN"
    08/16/23 9:00   65.73   61.91   66.05   65.73   65.73    86.1   1018.3       0      66       0     260   43.24  -16.85   26.39   "NAN"   "NAN"
   08/16/23 10:00   66.68   61.99   67.05   66.68   66.68    83.6   1018.7       0      66       0   347.7   63.59  -16.04   47.55   "NAN"   "NAN"
   08/16/23 11:00   68.44   61.87   70.24   68.44   68.44   74.89     1019       0      66    .044   345.1     151  -25.58   125.4   "NAN"   "NAN"
   08/16/23 12:00   70.82   61.05   75.82   70.82   70.82   65.36     1019       0      66       0   205.5     266  -41.18   224.9   "NAN"   "NAN"
   08/16/23 13:00   71.77   60.12    77.3   71.77   71.77   66.53   1018.7       0      66       0   272.9   143.8  -31.43   112.4   "NAN"   "NAN"
   08/16/23 14:00   72.41    59.8   76.99   72.41   72.41    64.9   1018.6       0      66       0   247.8   155.8  -32.75     123   "NAN"   "NAN"
   08/16/23 15:00   71.77   60.64    74.8   71.77   71.77   65.63   1018.3       0      66       0   318.8     108   -26.2    81.8   "NAN"   "NAN"
   08/16/23 16:00    73.3   60.45   77.46    73.3    73.3   63.07   1017.9       0      66       0    21.2   151.9   -32.2   119.7   "NAN"   "NAN"
   08/16/23 17:00   73.49   60.53   77.31   73.49   73.49   62.69   1017.8       0      66    .132   250.6   115.4  -29.02    86.4   "NAN"   "NAN"
   08/16/23 18:00   73.69   60.32   76.83   73.69   73.69   62.42   1017.6       0      66       0   240.6   104.8   -29.6   75.24   "NAN"   "NAN"
   08/16/23 19:00   73.86   59.82   76.68   73.86   73.86   60.32   1017.5       0      66    .088   269.8      94  -41.27   52.69   "NAN"   "NAN"
   08/16/23 20:00   72.84   60.74   75.03   72.84   72.84   76.97   1017.2       0      66       0    8.56   38.13  -40.96  -2.827   "NAN"   "NAN"
   08/16/23 21:00   68.77   62.79   69.51   68.77   68.77    84.5   1017.1       0      66       0   43.06    .537  -33.83   -33.3   "NAN"   "NAN"
   08/16/23 22:00   66.39   62.03   66.17   66.39   66.39      87   1017.3       0      66       0   20.15  -1.976  -36.68  -38.66   "NAN"   "NAN"
   08/16/23 23:00   64.51   60.81   63.76   64.51   64.51    88.5   1017.6       0      66       0   7.331  -2.179  -30.68  -32.86   "NAN"   "NAN"
    08/17/23 0:00   63.21   59.84   62.03   63.21   63.21    88.9   1017.5       0      66       0   7.256  -1.844   -18.3  -20.14   "NAN"   "NAN"
    08/17/23 1:00   62.24   59.05   61.14   62.24   62.24    89.3   1016.9       0      66       0   7.274  -2.272  -16.18  -18.45   "NAN"   "NAN"
    08/17/23 2:00   61.38   58.39   60.42   61.38   61.38    90.1   1016.3       0      66       0   7.274   -1.56   -10.4  -11.96   "NAN"   "NAN"
    08/17/23 3:00   61.24   58.41   60.97   61.24   61.24    90.5   1015.8       0      66       0   7.374   -.924  -5.919  -6.843   "NAN"   "NAN"
    08/17/23 4:00   60.96   58.23   61.01   60.96   60.96    90.9   1015.6     .01      66       0   26.36   -.654  -3.817  -4.471   "NAN"   "NAN"
    08/17/23 5:00   60.13   57.53   60.31   60.13   60.13    91.2   1015.6       0      66       0   341.1   -.729   -4.53  -5.259   "NAN"   "NAN"
    08/17/23 6:00   59.57   57.08   59.85   59.57   59.57    91.5   1015.4       0      66       0   4.765   -.506  -3.457  -3.963   "NAN"   "NAN"
    08/17/23 7:00    59.2   56.78   59.48    59.2    59.2    91.8   1015.6       0      66       0   353.5    .754  -3.505  -2.751   "NAN"   "NAN"
    08/17/23 8:00   59.91   57.56   60.69   59.91   59.91    91.8   1015.3       0      66       0     258   40.33  -7.788   32.54   "NAN"   "NAN"
    08/17/23 9:00   61.04   58.69   62.48   61.04   61.04    91.9   1015.2       0      66       0   258.5    96.1  -28.67   67.43   "NAN"   "NAN"
   08/17/23 10:00    65.5   63.09   68.35    65.5    65.5    91.6   1015.1       0      66       0   230.6   249.9     -81   168.9   "NAN"   "NAN"
   08/17/23 11:00    71.1   63.89   78.01    71.1    71.1   65.94   1014.5       0      66    .658   214.3   342.5   -85.8   256.7   "NAN"   "NAN"
   08/17/23 12:00   75.19   61.61    81.8   75.19   75.19   59.53   1013.8       0      66    .482   214.2   439.1   -87.9   351.2   "NAN"   "NAN"
   08/17/23 13:00    77.2   60.85    83.7    77.2    77.2   54.99   1013.1       0      66    .175   206.5   421.8  -76.72   345.1   "NAN"   "NAN"
